# The contained directed cliques in the directed communities at k=3
# from /media/ark/Data/Home/Dev/Bazy Danych/ED/cfinder.csv
# at a lower link weight threshold of 2.000000,
# and at no upper link weight threshold.
# Links were treated as directed.
# The maximal allowed time per node during clique search was 10.000000 secs.

0: 0 1 1137 1138 170 188 360 421 784 893 920 931 963 978 1108 1147 1149 1166 71 921 15 97 723 777 779 1034 722 1050 1051 1052 52 516 596 1033 595 272 298 321 325 347 431 484 576 736 954 967 1032 1093 1116 1144 1169 575 335 737 227 919 828 826 827 214 676 692 792 231 793 798 1023 1024 218 238 352 458 474 787 857 1118 1163 1164 788 140 251 253 291 430 1162 287 755 829 862 880 1002 1159 1160 1161 756 548 648 549 232 703 1074 243 244 410 442 505 556 619 632 680 696 859 879 889 898 916 922 956 1155 1167 555 554 228 820 965 821 87 472 989 579 580 582 839 856 1097 1098 1119 1154 1158 507 581 314 630 764 985 1025 1135 629 628 425 667 679 805 940 1109 1142 224 479 804 59 98 438 688 1095 373 760 797 761 241 541 939 941 510 942 717 1044 1045 471 834 964 996 1005 1112 1128 152 947 652 853 854 860 953 217 162 873 613 874 614 469 635 768 802 1071 1114 634 260 843 990 1151 842 113 841 500 814 459 150 208 356 464 524 535 780 918 924 946 1048 1083 1136 917 1088 1089 1090 60 145 212 275 368 466 467 645 708 711 757 869 997 1001 1017 1075 1096 1141 405 710 709 115 169 994 331 807 806 492 470 799 800 412 1000 543 999 6 371 532 1016 1018 78 209 840 1062 1069 1091 1103 1117 700 161 109 423 598 1070 1072 388 662 899 553 157 570 571 988 1092 96 562 1094 361 394 712 375 274 447 457 795 817 863 216 663 673 677 1104 622 653 762 1101 1129 1134 1145 621 881 399 649 824 995 1040 1133 823 125 608 930 1143 609 334 611 778 925 108 250 750 265 527 148 348 400 603 934 173 1106 210 678 1100 490 976 1041 974 975 171 367 396 538 813 1015 1086 812 37 51 142 426 1014 633 867 896 1113 866 127 1122 1123 1124 106 477 751 933 86 911 503 101 133 796 1087 672 771 803 383 296 1125 1126 126 497 721 851 1146 720 719 45 46 129 1053 1064 1102 376 540 890 1046 870 102 626 1047 233 259 443 895 1130 201 222 92 186 189 190 641 855 642 915 1012 1013 707 914 950 1039 1148 706 705 181 542 597 245 654 951 943 317 485 143 294 433 465 886 887 1121 885 888 906 1022 266 93 123 168 945 1120 686 687 370 103 584 666 669 69 665 668 132 206 301 923 624 682 623 136 137 138 683 315 54 141 276 713 246 897 883 884 959 844 560 845 234 283 3 80 504 699 811 852 220 661 846 38 413 119 179 445 14 50 481 937 1115 732 938 165 529 998 134 962 801 961 26 763 11 12 547 407 499 519 420 1084 184 236 284 1085 147 395 428 476 530 689 819 932 949 364 948 111 427 498 973 1105 506 972 330 567 640 639 264 664 752 754 299 247 753 33 340 1036 508 604 605 223 773 774 309 831 1082 18 830 572 22 23 518 979 789 776 783 894 401 357 439 695 311 359 166 35 704 618 681 785 338 714 281 297 861 573 462 225 531 235 323 343 494 636 159 488 302 404 864 279 
1: 2 
2: 4 452 
3: 5 
4: 7 8 9 10 374 544 545 904 1077 1156 1165 493 546 617 876 877 257 878 927 1003 1067 1127 120 928 929 349 561 1037 41 558 578 1107 36 62 344 765 935 766 449 982 1004 483 981 117 293 403 432 515 600 644 745 891 909 1078 1132 601 441 729 741 1079 1099 730 731 355 781 833 983 1056 1140 782 872 969 534 187 977 1060 585 586 606 607 871 1131 242 121 437 523 643 702 740 742 743 1027 1035 1076 1110 1150 1153 1168 701 336 528 559 1026 1028 1029 56 160 539 568 986 1057 569 114 390 697 790 944 1111 1139 1157 791 822 219 332 354 557 690 715 718 744 808 815 847 913 1009 1020 1065 34 691 902 903 180 627 363 992 1054 991 587 650 726 588 240 197 725 850 183 1007 1008 509 320 446 460 905 1055 566 1080 1081 48 616 838 958 984 615 875 194 205 520 837 44 926 268 551 550 319 351 511 716 901 1049 900 1063 1066 353 882 1043 590 589 306 865 1061 158 365 386 971 1042 892 30 387 908 970 910 429 739 738 118 398 638 422 461 835 968 1030 1038 1152 552 81 987 1031 57 139 329 1010 1068 501 1073 809 409 759 671 670 565 658 746 848 1059 255 393 1058 282 322 416 463 816 366 868 912 172 1011 43 1021 213 307 521 1019 693 749 694 748 747 647 646 724 116 199 435 525 135 328 25 63 536 993 110 346 517 728 960 660 659 29 832 146 288 155 468 734 735 
5: 13 
6: 16 
7: 17 
8: 19 
9: 20 
10: 21 248 957 980 610 107 67 858 337 
11: 24 
12: 27 
13: 28 290 818 
14: 31 655 656 657 593 772 592 591 175 411 674 
15: 32 
16: 39 
17: 40 849 631 955 122 758 
18: 42 767 378 
19: 47 685 936 684 295 312 419 
20: 49 
21: 53 454 
22: 55 451 966 74 952 
23: 58 
24: 61 577 381 
25: 64 
26: 65 
27: 66 
28: 68 583 
29: 70 
30: 72 
31: 73 
32: 75 239 277 
33: 76 
34: 77 
35: 79 
36: 82 83 
37: 84 1006 514 
38: 85 625 537 
39: 88 907 193 304 
40: 89 90 
41: 91 599 836 
42: 94 
43: 95 
44: 99 
45: 100 
46: 104 
47: 105 300 
48: 112 
49: 124 
50: 128 
51: 130 318 
52: 131 
53: 144 
54: 149 564 563 326 794 810 
55: 151 
56: 153 602 
57: 154 
58: 156 178 
59: 163 
60: 164 
61: 167 
62: 174 305 727 303 
63: 176 
64: 177 
65: 182 
66: 185 
67: 191 
68: 192 
69: 195 
70: 196 
71: 198 
72: 200 350 
73: 202 
74: 203 
75: 204 
76: 207 345 369 675 436 
77: 211 392 
78: 215 
79: 221 
80: 226 
81: 229 
82: 230 
83: 237 
84: 249 252 
85: 254 
86: 256 
87: 258 382 
88: 261 262 
89: 263 
90: 267 
91: 269 
92: 270 
93: 271 512 
94: 273 
95: 278 620 478 
96: 280 
97: 285 
98: 286 770 769 
99: 289 313 440 
100: 292 
101: 308 
102: 310 
103: 316 482 
104: 324 
105: 327 
106: 333 698 
107: 339 
108: 341 
109: 342 
110: 358 522 
111: 362 733 
112: 372 
113: 377 513 
114: 379 
115: 380 
116: 384 637 
117: 385 
118: 389 456 
119: 391 
120: 397 
121: 402 
122: 406 
123: 408 775 786 
124: 414 
125: 415 
126: 417 
127: 418 
128: 424 455 496 
129: 434 
130: 444 
131: 448 487 
132: 450 
133: 453 
134: 473 
135: 475 
136: 480 
137: 486 
138: 489 651 
139: 491 
140: 495 
141: 502 
142: 526 825 
143: 533 
144: 574 
145: 594 
146: 612 
